mass = 2.589965e+03 eV
r0 = 2.800765e-01 nm
Ea = 2.534212e-01 eV
ka = 3.623125e+01 nm
ell = 0
x0 = 1.014752e+01 nm
nucA = 1.000000e-02
nucZ = 1.100000e+00
nmax_f = 500
nmax_b = 500
