Et = 0.000000e+00
Eb = 0.000000e+00 eV
